<598 divisions of 500ms each. 299 seconds. Cloudy. Single overhead light on.>
598,500
800
815
824
747
793
834
814
798
756
835
789
820
838
804
789
805
814
806
817
836
796
814
816
805
841
867
821
822
852
786
792
866
870
756
880
915
847
861
816
834
821
762
828
801
851
819
785
824
845
789
843
881
832
924
851
883
848
721
875
870
882
791
851
890
833
804
806
828
806
764
842
830
843
800
818
879
839
818
879
842
850
807
824
834
839
833
815
818
813
845
816
826
862
892
808
853
883
854
812
825
864
865
829
844
841
892
867
768
817
889
849
875
914
829
850
836
805
864
829
829
898
846
839
842
856
874
974
859
892
849
772
793
836
792
894
890
875
835
862
826
863
953
882
857
833
845
829
903
869
900
938
865
846
923
815
865
851
907
866
862
895
895
857
874
895
920
868
945
927
907
865
882
870
837
978
851
852
805
873
870
883
880
887
877
889
900
884
880
821
912
857
874
819
930
953
873
868
850
971
840
905
941
831
815
910
935
864
949
885
848
853
878
825
947
860
966
987
885
895
850
952
899
889
875
941
832
921
928
872
865
904
812
828
863
870
907
887
828
901
880
944
889
893
873
919
936
888
954
861
891
912
862
905
899
850
889
825
915
848
862
920
877
956
904
880
913
885
918
929
915
875
848
856
911
854
940
913
905
911
885
947
836
932
930
934
1006
904
902
908
906
913
921
875
939
913
872
918
989
836
945
885
890
900
832
922
933
935
854
956
866
935
978
878
879
956
973
887
838
955
919
952
918
880
908
835
849
927
870
905
887
981
868
824
867
857
921
897
881
909
910
925
845
813
952
852
847
951
919
925
933
940
959
967
973
886
885
879
899
880
998
884
887
946
896
918
889
953
906
898
954
921
911
998
945
846
956
943
944
864
937
895
923
974
899
897
850
949
948
883
898
940
891
942
901
897
898
932
894
900
892
893
954
881
879
934
945
937
954
917
945
896
913
908
891
954
925
926
864
867
900
872
968
898
897
928
895
878
903
913
913
952
914
866
897
914
927
918
985
911
964
858
833
913
952
915
903
945
1002
955
906
934
937
894
936
893
933
957
931
969
923
887
977
863
931
892
934
910
904
889
922
935
978
896
1045
933
943
910
935
917
899
947
935
916
985
886
889
884
922
962
912
849
885
971
896
917
912
970
891
890
848
863
941
945
945
936
852
952
951
895
909
893
903
843
963
920
879
938
937
987
910
922
898
875
906
944
953
910
911
889
908
899
929
921
941
910
903
961
929
957
1040
920
888
891
883
927
914
904
893
901
895
932
900
919
863
952
932
911
908
892
964
969
935
909
905
963
911
912
932
876
911
907
902
877
1033
938
942
917
944
903
956
923
919
958
913
959
941
855
994
900
926
884
905
999
897
1017
978
920
902