<634 divisions of 500ms each. 317 seconds. Cloudy. No overhead lights on.>
634,500
46
73
66
80
91
92
68
52
106
83
68
55
48
76
62
64
44
107
56
61
79
38
80
77
76
47
57
40
100
84
81
43
79
80
73
93
71
69
63
71
42
63
47
73
68
75
76
81
79
70
82
58
102
50
65
71
73
84
69
75
87
79
76
61
51
89
54
71
70
50
74
67
81
61
65
75
69
60
85
62
84
39
68
71
71
71
53
66
63
84
58
49
66
56
54
70
70
40
113
59
85
60
92
66
62
93
70
72
61
67
76
68
41
62
82
69
43
68
78
74
44
50
48
79
67
52
82
75
74
81
86
49
57
66
58
50
69
51
94
75
60
91
93
47
62
61
67
89
70
85
72
76
53
67
78
82
62
94
43
76
60
56
70
48
63
57
73
49
95
69
73
72
66
52
89
74
73
90
67
85
74
70
59
69
45
78
76
65
50
54
101
53
59
71
70
58
58
70
83
57
85
60
90
64
73
53
51
45
52
82
80
57
80
55
92
99
53
60
52
85
74
83
57
100
65
75
66
84
81
55
77
63
89
72
46
121
80
72
60
72
71
57
46
68
58
50
48
47
87
70
88
72
80
55
76
75
67
62
67
51
44
53
54
82
47
81
69
54
39
56
72
60
54
40
46
56
62
53
34
72
59
55
80
42
52
63
46
65
64
73
88
101
55
100
87
78
63
63
62
46
59
63
106
52
49
75
103
51
56
69
64
58
57
89
82
108
63
53
49
76
47
60
51
66
68
48
54
65
58
59
76
100
70
71
90
77
61
40
52
98
64
90
64
59
64
76
89
88
40
84
73
61
40
49
40
48
60
93
72
94
47
78
56
55
69
73
40
73
80
79
91
86
66
68
79
61
47
69
95
60
64
53
74
81
79
86
70
65
71
78
70
62
61
73
67
88
73
59
70
86
79
60
66
98
59
61
47
86
56
64
57
93
103
77
80
100
87
93
59
61
44
84
86
50
91
43
79
57
62
81
75
65
81
59
56
50
82
93
45
71
54
52
42
67
82
70
56
90
71
51
72
74
71
64
52
82
59
75
67
88
70
53
49
88
68
98
61
73
71
93
47
64
68
51
84
69
56
75
73
59
76
75
97
75
65
91
69
63
61
50
45
59
70
83
63
69
83
90
57
80
93
73
68
73
55
63
52
41
44
65
79
52
79
53
65
30
56
53
47
87
49
68
86
86
79
78
82
79
67
48
51
52
80
48
72
64
54
60
59
61
66
73
81
60
82
92
61
61
66
58
80
64
78
54
63
58
64
63
70
73
38
62
38
60
85
113
77
83
72
89
51
64
70
60
32
43
61
63
69
74
79
71
80
75
56
63
73
74
42
64
91
38
77
86
89
70
83
61
72
91
51
74
96
73
44
59
72
62
54
91
76
73
83
82
49
75
62
99
62
34
67
37
63
72
81
57
64
45
82
45
42
71
52
84