<606 divisions of 500ms each. 303 seconds. Mostly sunny. No lights on, and LED covered by thick cloth.>
606,500
1
2
0
1
1
2
2
0
9
6
3
2
4
3
5
5
9
4
42
41
10
55
57
26
15
1
2
4
1
4
28
18
28
23
11
2
3
2
1
9
3
1
7
1
4
2
3
1
4
2
1
2
2
6
5
2
0
1
1
3
1
0
0
2
5
1
2
1
2
13
28
51
17
8
2
17
5
3
1
1
5
1
6
1
2
1
0
1
2
2
3
2
3
1
0
4
0
4
5
4
1
0
4
3
1
2
2
1
0
1
26
10
2
4
1
1
3
3
0
2
2
1
2
4
9
38
8
10
9
14
2
3
3
1
0
2
2
0
1
1
1
0
0
1
0
2
0
0
1
2
26
1
6
14
2
12
13
2
23
3
1
3
15
14
11
34
4
1
15
4
8
2
17
3
3
1
2
0
1
1
5
2
1
1
0
2
0
2
2
0
1
0
1
1
1
1
4
3
25
2
2
2
1
1
0
2
3
3
0
10
4
4
1
13
8
14
17
2
3
0
2
16
6
4
3
5
3
0
0
4
0
7
12
29
2
3
2
0
10
4
5
7
0
1
3
1
6
3
4
1
2
3
2
3
0
1
14
4
2
19
49
2
5
2
5
0
1
4
0
1
0
0
1
9
1
2
4
9
0
2
2
0
4
4
2
1
2
3
2
1
4
2
2
0
1
4
0
4
10
4
4
5
1
8
1
1
0
15
4
1
1
1
0
0
11
0
0
0
0
2
2
10
1
1
1
2
4
5
2
1
1
1
0
0
2
4
0
8
3
3
0
3
4
3
4
2
1
35
0
5
0
3
2
0
3
0
2
0
2
5
8
1
3
0
3
2
16
25
17
0
1
1
2
3
0
22
4
3
9
32
5
1
0
15
13
13
7
22
8
5
4
0
30
0
5
15
13
5
0
5
10
33
2
18
19
5
6
2
1
2
15
15
11
3
4
0
2
4
2
9
3
1
2
29
6
2
3
5
7
4
9
4
0
4
1
2
7
3
1
10
23
2
4
2
0
5
0
0
0
2
0
14
3
7
23
0
4
3
9
4
2
2
6
0
3
0
3
4
9
1
4
1
4
2
0
1
5
6
1
5
10
5
0
3
2
1
1
0
0
1
2
1
2
0
1
1
0
0
0
3
4
2
0
6
1
7
1
3
1
4
0
4
17
18
12
0
0
6
0
29
17
7
4
2
2
4
4
3
2
0
6
0
1
0
5
1
1
2
4
3
1
0
3
5
3
1
5
1
3
1
1
1
2
2
3
7
3
0
2
6
0
1
1
1
0
3
9
0
5
3
8
3
1
2
1
2
0
1
3
2
7
2
15
9
2
2
2
2
2
3
1
9
0
1
35
26
4
8
4
0
0
0
1
4
0
3
0